kq4.lr7     =     0.001442267649576633049141 ;
kqt4.l7     =     0.000002246976184489869060 ;
kqt4.r7     =     0.000005439188881484733404 ;
kq5.lr7     =    -0.001339426138896399921807 ;
kqt5.l7     =     0.000000000000000000000000 ;
kqt5.r7     =     0.000000000000000000000000 ;
kq6.l7b1    =     0.003322369542996151010883 ;
kq6.l7b2    =    -0.002334697962257937121217 ;
kq6.r7b1    =    -0.002519017199220482689653 ;
kq6.r7b2    =     0.003352561688127161151213 ;
kqtl7.l7b1  =    -0.000135440031394774628793 ;
kqtl7.l7b2  =     0.005070385554026636369673 ;
kqtl7.r7b1  =     0.005158114135857785192973 ;
kqtl7.r7b2  =     0.002277238720072149915502 ;
kqtl8.l7b1  =    -0.001984036355203888223747 ;
kqtl8.l7b2  =     0.002724530292549620993925 ;
kqtl8.r7b1  =     0.003438014064126039635166 ;
kqtl8.r7b2  =    -0.004219431842856377623541 ;
kqtl9.l7b1  =    -0.002976103096610226237534 ;
kqtl9.l7b2  =     0.003503106859247637205890 ;
kqtl9.r7b1  =     0.003830063858185254934557 ;
kqtl9.r7b2  =    -0.003750194830095229196060 ;
kqtl10.l7b1 =     0.004944928192622487748975 ;
kqtl10.l7b2 =     0.003665935727535026954910 ;
kqtl10.r7b1 =     0.002623077788353500670177 ;
kqtl10.r7b2 =     0.005029439581277946047511 ;
kqtl11.l7b1 =     0.002968460398502155775380 ;
kqtl11.l7b2 =     0.000128774564492290405924 ;
kqtl11.r7b1 =     0.000581653348450221268848 ;
kqtl11.r7b2 =     0.001531650084432206954457 ;
kqt12.l7b1  =    -0.005237038094097156565310 ;
kqt12.l7b2  =    -0.004799272165761143786600 ;
kqt12.r7b1  =    -0.004729352305785737911603 ;
kqt12.r7b2  =    -0.004817831070020824925371 ;
kqt13.l7b1  =    -0.005217615909987378952639 ;
kqt13.l7b2  =     0.000954542500797282179870 ;
kqt13.r7b1  =     0.000228156822970352322379 ;
kqt13.r7b2  =    -0.004866392746014629178131 ;

betxip7b1       = 178.918268073682 ;
betyip7b1       = 40.560726340003 ;
alfxip7b1       = 1.63206538290542 ;
alfyip7b1       = 0.294653281013285 ;
dxip7b1         = 0.217675606310376 ;
dpxip7b1        = -0.00131983263546279 ;
muxip7b1        = 2.455 ;
muyip7b1        = 1.97 ;

betxip7b2       = 203.642737746412 ;
betyip7b2       = 19.392310073363 ;
alfxip7b2       = -1.93813807780414 ;
alfyip7b2       = 0.0143033524762681 ;
dxip7b2         = 0.0203903000476465 ;
dpxip7b2        = 0.000416897158285645 ;
muxip7b2        = 2.455 ;
muyip7b2        = 1.97 ;

